c PicoSAT SAT Solver Version 965
c Copyright (c) 2006 - 2014 Armin Biere JKU Linz
c gcc -g -O2 -fdebug-prefix-map=/build/picosat-jdRevn/picosat-965=. -fstack-protector-strong -Wformat -Werror=format-security
c
c using 2 as default phase
c
c parsing ./random3SAT/vars-300-6.cnf
c parsed header 'p cnf 300 1275'
c initialized 300 variables
c found 1275 non trivial clauses
c
c random number generator seed 0
c 
c  seconds     variables   original    learned     agility
c         level        used      conflicts    limit          MB
c 
c s   0.0   0.0   300   0.0  1275     0     0     0   0.0   0.1 
c 
c initial reduction limit 1000 clauses
c 
c +   0.0  28.6   300  86.7  1275   100   100  1100  13.5   0.1 
c R   0.0  28.6   300  86.7  1275   101   101  1100  13.6   0.1 
c +   0.0  23.0   300  95.0  1275   221   221  1210  20.0   0.1 
c +   0.0  21.0   300  97.3  1275   367   367  1331  27.1   0.2 
c N   0.0  20.6   300  97.3  1275   402   402  1331  28.3   0.2 
c +   0.0  19.2   300  98.0  1275   543   543  1464  29.8   0.2 
c +   0.0  17.6   300  98.3  1275   755   755  1610  30.5   0.2 
c +   0.0  16.6   300  98.7  1275  1011  1011  1771  31.2   0.3 
c N   0.0  15.9   300  98.7  1275  1208  1208  1771  30.4   0.3 
c +   0.0  15.6   300  98.7  1275  1320  1320  1948  31.3   0.3 
c +   0.0  15.2   300  99.0  1275  1693  1693  2142  29.8   0.4 
c +   0.1  14.6   300  99.0  1275  2144  2144  2356  29.2   0.4 
c +   0.1  14.2   300  99.3  1275  2689  1505  2591  31.3   0.4 
c N   0.1  13.8   300  99.3  1275  3212  2028  2591  29.1   0.4 
c +   0.1  13.7   300  99.3  1275  3348  2164  2850  28.8   0.4 
c +   0.1  13.6   300  99.3  1275  4145  1529  3135  30.4   0.3 
c +   0.1  13.3   300  99.3  1275  5109  2493  3448  29.8   0.5 
c +   0.2  13.0   300  99.3  1275  6275  1928  3792  29.2   0.4 
c +   0.2  12.7   300  99.3  1275  7685  3338  4171  29.6   0.6 
c N   0.2  12.9   300  99.3  1275  8023  3676  4171  25.2   0.6 
c 
c  seconds     variables   original    learned     agility
c         level        used      conflicts    limit          MB
c 
c +   0.3  12.9   300  99.7  1275  9391  2953  4588  29.0   0.6 
c +   0.3  12.8   300  99.7  1275 11455  2718  5046  27.7   0.5 
c +   0.4  12.6   300  99.7  1275 13952  2687  5550  30.6   0.5 
c +   0.5  12.2   300  99.7  1275 16973  2926  6105  29.2   0.5 
c N   0.6  12.4   300  99.7  1275 19255  5208  6105  28.2   0.9 
c +   0.6  12.5   300  99.7  1275 20628  3523  6715  28.2   0.6 
c +   0.8  12.5   300  99.7  1275 25050  4578  7386  30.2   0.7 
c +   1.0  12.4   300  99.7  1275 30400  6231  8124  28.5   0.9 
c +   1.3  12.4   300  99.7  1275 36873  4563  8936  30.2   0.7 
c +   1.6  12.2   300  99.7  1275 44705  7919  9829  29.7   1.2 
c N   1.6  12.2   300  99.7  1275 44900  8114  9829  28.4   1.2 
c +   2.0  12.1   300  99.7  1275 54181  7549 10811  29.2   1.2 
c +   2.5  12.1   300  99.7  1275 65646  8190 11892  30.0   1.2 
c +   3.2  11.8   300  99.7  1275 79518 10158 13081  28.8   1.4 
c +   4.0  11.5   300  99.7  1275 96303  7301 14389  28.8   1.0 
c N   4.3  11.4   300  99.7  1275 102e3 13607 14389  26.9   1.7 
c s   4.4  11.3   299  99.7  1263 104e3  5176 14389  29.2   0.8 
c N   4.4  11.3   299  99.7  1263 104e3  5277 14389  29.8   0.8 
c N   4.4  11.3   299  99.7  1263 105e3  5578 14389  29.7   0.9 
c N   4.4  11.3   299  99.7  1263 106e3  6379 14389  29.0   1.0 
c N   4.5  11.3   299  99.7  1263 108e3  8386 14389  27.7   1.3 
c N   4.8  11.4   299  99.7  1263 112e3 13195 14389  28.8   1.9 
c 
c  seconds     variables   original    learned     agility
c         level        used      conflicts    limit          MB
c 
c +   5.0  11.4   299  99.7  1263 116e3  9758 15827  29.3   1.4 
c N   5.4  11.4   299  99.7  1263 124e3  9294 15827  27.8   1.3 
c +   6.3  11.5   299  99.7  1263 141e3 10558 17409  27.6   1.4 
c N   6.9  11.5   299  99.7  1263 149e3 10394 17409  29.6   1.6 
c +   8.0  11.4   299  99.7  1263 170e3 14157 19149  27.9   2.1 
c s   9.2  11.3   298  99.7  1255 190e3  9152 19149  28.6   1.5 
c N   9.2  11.3   298  99.7  1255 190e3  9252 19149  29.4   1.5 
c N   9.2  11.3   298  99.7  1255 190e3  9554 19149  28.4   1.5 
c N   9.3  11.3   298  99.7  1255 191e3 10356 19149  26.1   1.7 
c N   9.4  11.3   298  99.7  1255 193e3 12365 19149  26.8   1.9 
c N   9.7  11.3   298  99.7  1255 198e3 17179 19149  26.8   2.6 
c +  10.2  11.3   298  99.7  1255 206e3 16427 21063  28.6   2.3 
c N  10.4  11.2   298  99.7  1255 209e3 18837 21063  28.2   2.6 
c s  11.5  11.2   297  99.7  1244 227e3  9959 21063  26.5   1.5 
c N  11.6  11.2   297  99.7  1244 227e3 10060 21063  27.3   1.5 
c N  11.6  11.2   297  99.7  1244 227e3 10360 21063  26.4   1.6 
c N  11.6  11.2   297  99.7  1244 228e3 11165 21063  28.5   1.7 
c N  11.7  11.2   297  99.7  1244 230e3 13174 21063  28.8   2.0 
c N  12.1  11.1   297  99.7  1244 235e3 17997 21063  26.8   2.5 
c N  12.4  11.1   296  99.7  1244 239e3 11732 21063  28.4   1.7 
c N  12.4  11.1   296  99.7  1244 240e3 12034 21063  27.0   1.7 
c N  12.4  11.1   296  99.7  1244 240e3 12834 21063  29.2   1.8 
c 
c  seconds     variables   original    learned     agility
c         level        used      conflicts    limit          MB
c 
c s  12.6  11.1   296  99.7  1232 242e3 12883 21063  28.2   1.8 
c N  12.6  11.1   296  99.7  1232 242e3 13158 21063  26.9   1.9 
c N  12.9  11.1   296  99.7  1232 247e3 17970 21063  28.2   2.5 
c +  13.1  11.0   296  99.7  1232 250e3 20634 23169  28.6   2.8 
c N  13.4  11.0   295  99.7  1232 253e3 12512 23169  29.0   1.7 
c N  13.4  11.0   295  99.7  1232 254e3 12813 23169  28.4   1.8 
c N  13.4  11.0   295  99.7  1232 255e3 13616 23169  28.1   1.8 
c N  13.4  11.0   294  99.7  1232 255e3 13786 23169  28.2   1.9 
c N  13.5  11.0   294  99.7  1232 255e3 14085 23169  29.6   1.9 
c N  13.5  11.0   293  99.7  1232 256e3 14654 23169  29.9   1.9 
c N  13.5  11.0   291  99.7  1232 256e3 14876 23169  28.1   2.0 
c 0  13.5  11.0   164  99.7  1232 256e3 15259 23169  29.3   2.0 
c 
c  seconds     variables   original    learned     agility
c         level        used      conflicts    limit          MB
c 
s UNSATISFIABLE
c
c 11 iterations
c 2 restarts
c 0 failed literals
c 256692 conflicts
c 296737 decisions
c 136 fixed variables
c 3383440 learned literals
c 32.9% deleted literals
c 16888918 propagations
c 224316902 visits
c 99.7% variables used
c 13.5 seconds in library
c 1.2 megaprops/second
c 16.6 megavisits/second
c probing 0.0 seconds 0%
c 5 simplifications
c 37 reductions
c 31.3 MB recycled
c 3.1 MB maximally allocated
c 13.5 seconds total run time
